[Intrinsics]
cx=318.615
cy=237.579
fx=516.252
fy=516.432
height=480
k1=-0.333555
k2=0.171858
k3=-0.0551701
p1=0.000109625
p2=-0.000155769
width=640
