[Intrinsics]
fx = 278.091214
fy = 275.536703
cx = 340.417143
cy = 220.091092
k1 = 0.02024173806832103
k2 = -0.07957982398392995
p1 = -0.003065952439304701
p2 = 0.0002839060791596998
k3 = 0.050697983743131926
width = 640
height = 480

